---------------------
Information about system australian
System contains 14 attributes.
System contains 690 objects.
----Information about attribute a1
    Type: s
    Number of uniq values: 3
    List of uniq values: {'1.234', '0', '1'}
----Information about attribute a2
    Type: n
    Minimal value: 13.75
    Maximal value: 80.25
    Number of uniq values: 350
    List of uniq values: {13.75, 15.83, 16.17, 17.42, 18.92, 19.17, 20.17, 21.67, 22.08, 22.67, 20.67, 20.0, 26.75, 27.42, 27.17, 27.58, 27.25, 28.25, 31.25, 32.17, 27.83, 28.17, 29.58, 30.67, 32.75, 33.5, 34.92, 33.17, 39.58, 40.0, 41.42, 41.17, 41.58, 47.67, 42.83, 42.5, 47.75, 48.08, 47.42, 52.33, 52.83, 48.75, 55.75, 56.75, 58.58, 58.67, 57.08, 58.33, 62.5, 63.33, 64.08, 56.83, 60.08, 65.42, 68.67, 69.5, 67.75, 71.58, 65.17, 73.42, 74.83, 69.17, 76.75, 15.75, 80.25, 16.5, 16.0, 16.25, 17.25, 17.5, 18.5, 18.0, 18.25, 18.75, 19.5, 19.0, 19.75, 20.75, 20.25, 20.5, 21.5, 21.25, 21.0, 21.75, 22.5, 22.25, 22.75, 22.0, 23.0, 23.25, 23.75, 23.5, 24.5, 24.75, 25.0, 25.75, 25.25, 25.5, 26.5, 26.25, 26.0, 27.0, 27.75, 28.75, 28.0, 28.5, 29.5, 29.75, 29.25, 30.5, 30.0, 30.75, 30.25, 31.0, 31.75, 32.0, 32.25, 33.75, 33.25, 33.0, 34.5, 34.0, 34.75, 34.25, 35.75, 35.25, 35.0, 36.5, 36.25, 36.75, 36.0, 37.5, 37.75, 38.25, 38.75, 39.25, 39.0, 39.5, 40.25, 41.5, 41.75, 41.0, 42.0, 42.75, 42.25, 43.25, 43.0, 44.25, 44.0, 45.0, 46.0, 47.0, 47.25, 48.5, 48.25, 49.5, 49.0, 50.25, 50.75, 52.5, 56.5, 56.0, 59.5, 62.75, 16.07, 16.32, 17.32, 17.07, 17.57, 17.82, 18.57, 18.82, 18.32, 18.07, 19.32, 19.57, 20.32, 20.07, 31.57, 15.92, 15.17, 16.92, 17.92, 17.67, 18.17, 18.42, 18.67, 19.67, 19.42, 20.42, 20.83, 21.08, 21.33, 21.83, 21.92, 21.17, 22.42, 22.58, 22.17, 22.83, 22.33, 23.08, 23.17, 23.42, 23.33, 23.58, 24.58, 24.33, 24.08, 24.83, 23.92, 25.58, 25.17, 25.67, 25.33, 25.08, 26.58, 26.83, 25.83, 25.92, 26.17, 27.67, 27.33, 26.67, 26.92, 26.33, 28.67, 28.92, 28.58, 28.08, 28.33, 29.42, 29.83, 29.92, 29.67, 29.17, 30.42, 30.83, 30.17, 30.58, 30.08, 31.83, 31.58, 31.92, 31.08, 31.42, 31.67, 32.33, 32.92, 32.83, 32.42, 32.67, 33.58, 33.08, 33.67, 32.08, 33.92, 34.17, 34.08, 34.83, 34.58, 34.42, 35.17, 35.58, 34.67, 35.42, 36.17, 36.33, 36.67, 36.58, 36.08, 37.33, 37.58, 37.17, 37.42, 36.42, 38.92, 38.67, 38.33, 38.42, 38.17, 39.92, 39.08, 39.17, 38.58, 39.33, 40.83, 40.58, 40.92, 40.33, 39.83, 41.33, 41.92, 42.17, 42.08, 43.17, 43.08, 44.83, 44.33, 44.17, 45.17, 45.83, 45.33, 46.08, 46.67, 47.33, 47.83, 47.17, 48.33, 48.58, 48.17, 49.83, 49.17, 49.58, 50.08, 51.83, 51.92, 51.58, 51.42, 51.33, 52.42, 52.17, 53.33, 53.92, 54.42, 54.58, 54.83, 54.33, 55.92, 56.42, 56.58, 57.58, 57.83, 57.42, 58.42, 59.67, 60.92, 60.58, 21.42, 22.92, 24.17, 24.42, 24.92, 25.42, 28.42, 21.58, 26.08, 39.42, 30.33, 31.33}
    Standard deviation: 11.85382561397561
----Information about attribute a3
    Type: n
    Minimal value: 0.0
    Maximal value: 28.0
    Number of uniq values: 212
    List of uniq values: {0.75, 1.75, 1.0, 3.8, 4.46, 5.0, 6.5, 7.08, 8.17, 1.25, 2.71, 11.46, 11.5, 6.04, 9.0, 9.58, 12.0, 2.5, 10.5, 19.0, 13.91, 4.5, 3.0, 15.0, 3.5, 21.5, 26.33, 4.25, 5.25, 4.0, 22.29, 1.5, 0.0, 0.5, 0.25, 5.5, 7.0, 7.5, 6.0, 6.75, 7.25, 8.0, 8.5, 8.46, 9.5, 9.25, 9.96, 9.75, 10.25, 10.0, 10.75, 10.29, 10.21, 2.0, 11.0, 11.25, 2.25, 2.75, 12.5, 12.25, 12.75, 0.21, 0.54, 13.0, 13.75, 0.79, 13.5, 1.29, 14.5, 1.54, 14.79, 1.04, 2.54, 2.29, 15.5, 14.0, 2.04, 3.04, 3.25, 3.75, 3.54, 3.29, 4.04, 4.79, 17.75, 16.0, 3.79, 5.04, 5.29, 18.5, 19.5, 7.54, 20.0, 7.04, 4.75, 21.0, 22.0, 25.08, 25.21, 0.41, 0.2, 0.46, 0.42, 1.33, 1.58, 1.83, 1.08, 2.83, 2.08, 28.0, 2.33, 3.08, 3.33, 4.08, 4.58, 5.08, 5.83, 7.58, 7.83, 8.12, 8.58, 9.62, 9.33, 10.12, 10.33, 10.08, 11.62, 11.83, 11.12, 11.58, 12.12, 12.62, 12.83, 0.16, 12.33, 13.58, 13.33, 0.17, 1.37, 1.12, 1.62, 14.58, 2.87, 2.12, 3.37, 3.62, 3.12, 4.12, 4.62, 5.87, 5.62, 5.12, 6.62, 7.62, 1.66, 1.16, 1.41, 0.58, 0.91, 0.12, 0.87, 0.83, 0.37, 0.66, 0.57, 0.62, 0.67, 2.16, 2.41, 2.66, 3.16, 4.91, 4.41, 4.16, 11.75, 5.66, 5.41, 6.66, 6.16, 8.66, 9.41, 0.7, 10.41, 10.91, 10.66, 11.66, 13.66, 16.16, 18.12, 0.08, 11.04, 25.12, 0.33, 12.54, 16.5, 9.78, 9.17, 0.04, 0.28, 9.53, 10.03, 1.79, 0.71, 0.96, 1.46, 1.21, 1.71, 2.46, 2.21, 4.71, 5.71, 6.21}
    Standard deviation: 4.977827523114572
----Information about attribute a4
    Type: s
    Number of uniq values: 3
    List of uniq values: {'1', '2', '3'}
----Information about attribute a5
    Type: s
    Number of uniq values: 14
    List of uniq values: {'14', '9', '5', '12', '7', '13', '8', '2', '3', '4', '10', '1', '11', '6'}
----Information about attribute a6
    Type: s
    Number of uniq values: 8
    List of uniq values: {'9', '5', '7', '8', '2', '3', '4', '1'}
----Information about attribute a7
    Type: n
    Minimal value: 0.0
    Maximal value: 28.5
    Number of uniq values: 132
    List of uniq values: {0.0, 1.585, 1.96, 1.25, 1.5, 0.125, 3.04, 3.0, 6.75, 4.5, 5.0, 1.375, 7.5, 0.75, 5.5, 2.0, 9.46, 2.125, 13.875, 3.5, 2.25, 4.25, 20.0, 4.0, 3.25, 17.5, 5.75, 4.625, 28.5, 5.375, 4.75, 0.5, 0.25, 1.75, 1.0, 0.625, 7.875, 6.5, 0.375, 7.0, 1.625, 8.625, 8.5, 8.29, 8.0, 8.665, 9.0, 10.0, 10.75, 2.5, 2.375, 2.75, 2.625, 11.0, 12.75, 12.5, 11.5, 0.21, 0.79, 0.54, 0.665, 13.5, 13.0, 1.04, 14.0, 1.165, 1.54, 1.665, 2.415, 2.04, 2.29, 15.0, 14.415, 3.165, 3.75, 16.0, 15.5, 3.125, 4.165, 4.29, 5.165, 5.04, 18.0, 5.665, 6.29, 0.085, 6.04, 7.415, 0.335, 0.46, 5.125, 5.25, 4.58, 0.875, 6.0, 1.875, 2.165, 7.375, 2.54, 2.79, 0.795, 0.415, 0.29, 0.455, 3.17, 0.04, 1.29, 1.415, 0.165, 0.585, 0.71, 0.835, 0.96, 1.085, 1.835, 1.46, 1.21, 1.335, 2.585, 2.335, 2.46, 2.71, 1.71, 3.085, 3.96, 3.335, 2.085, 4.335, 5.085, 5.335, 7.96, 7.585}
    Standard deviation: 3.3465133592781324
----Information about attribute a8
    Type: s
    Number of uniq values: 2
    List of uniq values: {'1', '0'}
----Information about attribute a9
    Type: s
    Number of uniq values: 2
    List of uniq values: {'1', '0'}
----Information about attribute a10
    Type: n
    Minimal value: 0.0
    Maximal value: 67.0
    Number of uniq values: 23
    List of uniq values: {0.0, 1.0, 2.0, 3.0, 4.0, 5.0, 6.0, 7.0, 8.0, 9.0, 10.0, 11.0, 12.0, 13.0, 14.0, 15.0, 16.0, 17.0, 19.0, 20.0, 23.0, 40.0, 67.0}
    Standard deviation: 4.862940034226996
----Information about attribute a11
    Type: s
    Number of uniq values: 2
    List of uniq values: {'1', '0'}
----Information about attribute a12
    Type: s
    Number of uniq values: 3
    List of uniq values: {'1', '2', '3'}
----Information about attribute a13
    Type: n
    Minimal value: 0.0
    Maximal value: 2000.0
    Number of uniq values: 171
    List of uniq values: {0.0, 515.0, 519.0, 520.0, 523.0, 17.0, 20.0, 21.0, 22.0, 24.0, 28.0, 29.0, 30.0, 32.0, 550.0, 40.0, 43.0, 45.0, 560.0, 49.0, 50.0, 52.0, 56.0, 60.0, 62.0, 70.0, 583.0, 73.0, 75.0, 76.0, 80.0, 86.0, 88.0, 600.0, 92.0, 93.0, 94.0, 96.0, 99.0, 100.0, 102.0, 108.0, 110.0, 112.0, 117.0, 120.0, 121.0, 128.0, 129.0, 130.0, 640.0, 132.0, 1160.0, 136.0, 140.0, 141.0, 144.0, 145.0, 150.0, 152.0, 154.0, 156.0, 160.0, 163.0, 164.0, 167.0, 168.0, 680.0, 170.0, 171.0, 174.0, 176.0, 178.0, 180.0, 181.0, 184.0, 186.0, 188.0, 195.0, 711.0, 200.0, 202.0, 204.0, 720.0, 208.0, 210.0, 211.0, 212.0, 216.0, 220.0, 221.0, 224.0, 225.0, 228.0, 230.0, 231.0, 232.0, 239.0, 240.0, 760.0, 250.0, 252.0, 253.0, 254.0, 256.0, 260.0, 263.0, 268.0, 272.0, 274.0, 276.0, 280.0, 288.0, 290.0, 292.0, 300.0, 303.0, 309.0, 311.0, 312.0, 320.0, 840.0, 329.0, 330.0, 333.0, 340.0, 348.0, 349.0, 350.0, 352.0, 356.0, 360.0, 368.0, 369.0, 370.0, 371.0, 372.0, 375.0, 380.0, 381.0, 383.0, 393.0, 395.0, 396.0, 399.0, 400.0, 408.0, 410.0, 411.0, 416.0, 928.0, 420.0, 422.0, 431.0, 432.0, 434.0, 440.0, 443.0, 450.0, 454.0, 455.0, 460.0, 2000.0, 465.0, 980.0, 470.0, 480.0, 487.0, 491.0, 500.0, 510.0}
    Standard deviation: 172.15927353629948
----Information about attribute a14
    Type: n
    Minimal value: 1.0
    Maximal value: 100001.0
    Number of uniq values: 240
    List of uniq values: {4608.0, 1.0, 2.0, 3.0, 4.0, 5.0, 6.0, 7.0, 8.0, 9.0, 10.0, 11.0, 5125.0, 12.0, 14.0, 15.0, 16.0, 17.0, 18.0, 19.0, 20.0, 21.0, 22.0, 23.0, 24.0, 2073.0, 538.0, 26.0, 28.0, 541.0, 29.0, 2080.0, 33.0, 34.0, 1059.0, 36.0, 39.0, 552.0, 41.0, 42.0, 43.0, 1066.0, 6701.0, 45.0, 1063.0, 1584.0, 561.0, 51.0, 2101.0, 54.0, 31286.0, 568.0, 56.0, 59.0, 60.0, 61.0, 4160.0, 13.0, 1603.0, 68.0, 69.0, 71.0, 583.0, 9801.0, 1098.0, 588.0, 592.0, 5201.0, 81.0, 1111.0, 88.0, 601.0, 91.0, 4701.0, 99.0, 100.0, 101.0, 611.0, 26727.0, 106.0, 18028.0, 109.0, 110.0, 113.0, 4209.0, 114.0, 118.0, 1656.0, 121.0, 123.0, 127.0, 640.0, 2691.0, 131.0, 135.0, 2185.0, 141.0, 142.0, 5778.0, 147.0, 8852.0, 148.0, 2198.0, 151.0, 2201.0, 15001.0, 155.0, 159.0, 2207.0, 161.0, 100001.0, 163.0, 1188.0, 679.0, 1705.0, 5801.0, 169.0, 2733.0, 174.0, 688.0, 1201.0, 5299.0, 691.0, 180.0, 1209.0, 3258.0, 185.0, 1211.0, 1213.0, 196.0, 197.0, 201.0, 714.0, 205.0, 211.0, 723.0, 1237.0, 731.0, 3291.0, 222.0, 1250.0, 226.0, 5861.0, 229.0, 743.0, 2280.0, 235.0, 2284.0, 1261.0, 238.0, 751.0, 2804.0, 246.0, 247.0, 1271.0, 248.0, 252.0, 2301.0, 769.0, 770.0, 259.0, 15109.0, 10001.0, 1301.0, 279.0, 791.0, 284.0, 285.0, 287.0, 801.0, 810.0, 301.0, 3377.0, 1333.0, 825.0, 315.0, 828.0, 317.0, 1345.0, 322.0, 8001.0, 10562.0, 838.0, 1350.0, 328.0, 2385.0, 50001.0, 341.0, 858.0, 348.0, 351.0, 352.0, 365.0, 368.0, 1392.0, 376.0, 7545.0, 1401.0, 893.0, 391.0, 5001.0, 395.0, 2955.0, 397.0, 401.0, 7060.0, 4501.0, 1431.0, 919.0, 51101.0, 13213.0, 1951.0, 4001.0, 1443.0, 11178.0, 5553.0, 949.0, 3001.0, 1466.0, 445.0, 6591.0, 961.0, 11203.0, 2504.0, 457.0, 459.0, 2511.0, 2001.0, 2011.0, 476.0, 991.0, 3553.0, 485.0, 4072.0, 1001.0, 1005.0, 2029.0, 501.0, 502.0, 3066.0}
    Standard deviation: 5210.102598302691