---------------------
Information about system diabetes
System contains 8 attributes.
System contains 768 objects.
----Information about attribute a1
    Type: n
    Minimal value: 0.0
    Maximal value: 17.0
    Number of uniq values: 17
    List of uniq values: {0.0, 1.0, 2.0, 3.0, 4.0, 5.0, 6.0, 7.0, 8.0, 9.0, 10.0, 11.0, 12.0, 13.0, 14.0, 15.0, 17.0}
    Standard deviation: 3.36957806269887
----Information about attribute a2
    Type: n
    Minimal value: 0.0
    Maximal value: 199.0
    Number of uniq values: 136
    List of uniq values: {0.0, 44.0, 56.0, 57.0, 61.0, 62.0, 65.0, 67.0, 68.0, 71.0, 72.0, 73.0, 74.0, 75.0, 76.0, 77.0, 78.0, 79.0, 80.0, 81.0, 82.0, 83.0, 84.0, 85.0, 86.0, 87.0, 88.0, 89.0, 90.0, 91.0, 92.0, 93.0, 94.0, 95.0, 96.0, 97.0, 98.0, 99.0, 100.0, 101.0, 102.0, 103.0, 104.0, 105.0, 106.0, 107.0, 108.0, 109.0, 110.0, 111.0, 112.0, 113.0, 114.0, 115.0, 116.0, 117.0, 118.0, 119.0, 120.0, 121.0, 122.0, 123.0, 124.0, 125.0, 126.0, 127.0, 128.0, 129.0, 130.0, 131.0, 132.0, 133.0, 134.0, 135.0, 136.0, 137.0, 138.0, 139.0, 140.0, 141.0, 142.0, 143.0, 144.0, 145.0, 146.0, 147.0, 148.0, 149.0, 150.0, 151.0, 152.0, 153.0, 154.0, 155.0, 156.0, 157.0, 158.0, 159.0, 160.0, 161.0, 162.0, 163.0, 164.0, 165.0, 166.0, 167.0, 168.0, 169.0, 170.0, 171.0, 172.0, 173.0, 174.0, 175.0, 176.0, 177.0, 178.0, 179.0, 180.0, 181.0, 182.0, 183.0, 184.0, 186.0, 187.0, 188.0, 189.0, 190.0, 191.0, 193.0, 194.0, 195.0, 196.0, 197.0, 198.0, 199.0}
    Standard deviation: 31.97261819513622
----Information about attribute a3
    Type: n
    Minimal value: 0.0
    Maximal value: 122.0
    Number of uniq values: 47
    List of uniq values: {0.0, 24.0, 30.0, 38.0, 40.0, 44.0, 46.0, 48.0, 50.0, 52.0, 54.0, 55.0, 56.0, 58.0, 60.0, 61.0, 62.0, 64.0, 65.0, 66.0, 68.0, 70.0, 72.0, 74.0, 75.0, 76.0, 78.0, 80.0, 82.0, 84.0, 85.0, 86.0, 88.0, 90.0, 92.0, 94.0, 95.0, 96.0, 98.0, 100.0, 102.0, 104.0, 106.0, 108.0, 110.0, 114.0, 122.0}
    Standard deviation: 19.355807170644777
----Information about attribute a4
    Type: n
    Minimal value: 0.0
    Maximal value: 99.0
    Number of uniq values: 51
    List of uniq values: {0.0, 7.0, 8.0, 10.0, 11.0, 12.0, 13.0, 14.0, 15.0, 16.0, 17.0, 18.0, 19.0, 20.0, 21.0, 22.0, 23.0, 24.0, 25.0, 26.0, 27.0, 28.0, 29.0, 30.0, 31.0, 32.0, 33.0, 34.0, 35.0, 36.0, 37.0, 38.0, 39.0, 40.0, 41.0, 42.0, 43.0, 44.0, 45.0, 46.0, 47.0, 48.0, 49.0, 50.0, 51.0, 52.0, 54.0, 56.0, 60.0, 63.0, 99.0}
    Standard deviation: 15.952217567727637
----Information about attribute a5
    Type: n
    Minimal value: 0.0
    Maximal value: 846.0
    Number of uniq values: 186
    List of uniq values: {0.0, 14.0, 15.0, 16.0, 18.0, 22.0, 23.0, 25.0, 540.0, 29.0, 543.0, 32.0, 545.0, 36.0, 37.0, 38.0, 40.0, 41.0, 42.0, 43.0, 44.0, 45.0, 46.0, 48.0, 49.0, 50.0, 51.0, 52.0, 53.0, 54.0, 55.0, 56.0, 57.0, 58.0, 59.0, 60.0, 61.0, 63.0, 64.0, 65.0, 66.0, 67.0, 68.0, 579.0, 70.0, 71.0, 72.0, 73.0, 74.0, 75.0, 76.0, 77.0, 78.0, 79.0, 81.0, 82.0, 83.0, 84.0, 85.0, 86.0, 87.0, 88.0, 89.0, 90.0, 600.0, 92.0, 91.0, 94.0, 95.0, 96.0, 99.0, 100.0, 105.0, 106.0, 108.0, 110.0, 112.0, 114.0, 115.0, 116.0, 119.0, 120.0, 122.0, 125.0, 126.0, 127.0, 128.0, 129.0, 130.0, 132.0, 135.0, 140.0, 142.0, 144.0, 145.0, 146.0, 148.0, 150.0, 152.0, 155.0, 156.0, 158.0, 159.0, 160.0, 165.0, 166.0, 167.0, 168.0, 680.0, 170.0, 171.0, 175.0, 176.0, 178.0, 180.0, 182.0, 183.0, 184.0, 185.0, 188.0, 190.0, 191.0, 192.0, 193.0, 194.0, 196.0, 200.0, 204.0, 205.0, 207.0, 210.0, 215.0, 220.0, 225.0, 228.0, 230.0, 231.0, 744.0, 235.0, 237.0, 240.0, 245.0, 249.0, 250.0, 255.0, 258.0, 265.0, 270.0, 271.0, 272.0, 274.0, 275.0, 277.0, 278.0, 280.0, 284.0, 285.0, 291.0, 293.0, 300.0, 304.0, 310.0, 318.0, 321.0, 325.0, 326.0, 328.0, 330.0, 846.0, 335.0, 342.0, 360.0, 370.0, 375.0, 387.0, 392.0, 402.0, 415.0, 440.0, 465.0, 474.0, 478.0, 480.0, 485.0, 495.0, 510.0}
    Standard deviation: 115.24400235133817
----Information about attribute a6
    Type: n
    Minimal value: 0.0
    Maximal value: 67.1
    Number of uniq values: 248
    List of uniq values: {0.0, 37.3, 18.4, 19.9, 19.4, 19.6, 22.2, 23.3, 24.4, 23.2, 25.8, 27.6, 27.4, 28.0, 28.9, 28.6, 32.8, 29.0, 29.7, 26.6, 27.1, 28.1, 30.1, 30.0, 33.6, 35.3, 37.6, 38.0, 39.3, 39.8, 43.1, 43.3, 45.8, 45.4, 42.0, 46.8, 48.8, 46.7, 49.7, 53.2, 55.0, 50.0, 52.3, 52.9, 59.4, 57.3, 32.2, 67.1, 35.6, 40.8, 36.1, 19.1, 19.5, 20.4, 20.0, 20.1, 21.1, 21.9, 21.0, 41.3, 22.4, 22.5, 22.6, 22.9, 22.1, 23.0, 23.9, 23.6, 23.5, 23.1, 24.6, 24.0, 24.9, 24.5, 23.4, 25.6, 25.4, 25.0, 25.9, 25.1, 26.5, 26.1, 26.0, 25.5, 26.4, 27.9, 27.5, 27.0, 42.3, 26.9, 28.4, 34.4, 28.5, 38.1, 29.6, 29.5, 29.9, 38.6, 30.5, 30.4, 30.9, 31.0, 31.1, 31.6, 31.9, 32.5, 32.0, 32.9, 32.6, 32.4, 33.2, 33.7, 33.9, 33.3, 33.8, 34.6, 34.1, 34.0, 34.7, 34.3, 35.4, 35.1, 34.2, 34.5, 34.9, 36.6, 36.0, 36.9, 35.9, 35.5, 37.1, 37.7, 37.4, 37.2, 37.5, 38.2, 38.5, 38.3, 37.8, 37.9, 39.4, 39.1, 39.0, 39.6, 39.5, 40.2, 40.5, 40.6, 40.9, 32.7, 41.5, 33.1, 40.1, 41.8, 40.0, 42.7, 42.9, 42.8, 42.6, 41.0, 43.4, 43.2, 43.5, 43.6, 42.2, 44.2, 44.0, 44.1, 44.6, 44.5, 45.0, 45.2, 45.6, 45.5, 45.7, 46.2, 45.3, 46.1, 46.5, 46.3, 47.9, 38.4, 48.3, 38.9, 42.1, 49.6, 49.3, 39.9, 35.7, 35.2, 24.1, 36.7, 36.2, 33.5, 42.4, 36.4, 18.2, 19.3, 38.7, 20.8, 21.8, 21.2, 21.7, 22.7, 22.3, 23.8, 23.7, 35.0, 24.2, 24.7, 24.8, 24.3, 39.7, 25.2, 25.3, 39.2, 26.8, 26.2, 26.7, 26.3, 27.3, 27.7, 27.8, 32.3, 27.2, 28.7, 28.2, 28.8, 36.5, 28.3, 29.3, 29.2, 29.8, 40.7, 30.8, 30.7, 30.2, 30.3, 31.2, 31.3, 37.0, 41.2, 34.8, 35.8, 38.8, 36.3, 36.8, 32.1}
    Standard deviation: 7.884160320375446
----Information about attribute a7
    Type: n
    Minimal value: 0.078
    Maximal value: 2.42
    Number of uniq values: 517
    List of uniq values: {0.351, 0.484, 1.189, 0.375, 0.875, 0.851, 0.665, 1.101, 1.476, 0.391, 1.391, 2.42, 0.398, 0.828, 0.218, 0.101, 0.226, 0.234, 0.21, 0.46, 0.601, 0.335, 0.624, 0.968, 0.593, 0.085, 1.022, 0.42, 0.178, 0.186, 0.287, 0.412, 0.452, 0.343, 0.319, 0.444, 0.702, 0.6, 0.498, 0.748, 0.17, 0.162, 0.154, 0.271, 0.396, 0.771, 0.646, 1.114, 0.826, 0.435, 0.654, 0.404, 0.84, 0.279, 0.255, 0.13, 0.38, 0.356, 0.731, 0.545, 0.247, 0.997, 0.122, 0.497, 1.154, 0.27, 0.395, 0.645, 0.52, 0.825, 0.575, 0.543, 0.231, 0.207, 0.223, 0.215, 0.598, 0.332, 1.191, 0.496, 0.121, 0.371, 0.246, 0.871, 0.394, 0.269, 0.324, 0.199, 0.34, 0.457, 0.191, 0.183, 0.433, 0.284, 0.292, 0.699, 0.949, 0.542, 0.917, 1.292, 0.597, 0.722, 0.472, 0.347, 1.222, 0.245, 0.37, 0.495, 0.745, 0.167, 0.159, 0.151, 0.143, 1.213, 0.409, 0.268, 0.893, 0.393, 1.893, 1.268, 0.698, 0.182, 1.698, 0.666, 0.471, 0.346, 0.721, 0.33, 0.455, 0.627, 0.587, 0.696, 0.526, 0.962, 1.441, 0.244, 0.933, 0.744, 0.619, 1.781, 0.408, 1.174, 0.892, 0.947, 0.181, 0.22, 0.204, 0.212, 0.845, 0.345, 0.97, 0.595, 1.095, 0.493, 0.118, 1.461, 0.289, 0.329, 0.454, 0.337, 0.305, 0.188, 0.18, 0.446, 0.422, 0.313, 0.516, 0.821, 0.571, 0.43, 1.321, 1.001, 1.251, 0.719, 0.164, 0.867, 0.742, 0.156, 0.148, 0.265, 0.515, 0.695, 0.709, 0.773, 0.374, 0.874, 0.249, 0.499, 0.539, 0.725, 0.14, 0.64, 0.718, 0.686, 0.561, 0.491, 0.741, 0.241, 0.366, 0.108, 0.514, 0.389, 0.264, 0.092, 0.569, 0.209, 0.225, 0.944, 0.233, 0.1, 0.303, 0.217, 0.537, 0.787, 0.717, 0.084, 0.56, 0.615, 0.24, 0.365, 0.443, 0.318, 0.286, 0.326, 0.201, 0.334, 0.411, 0.451, 0.294, 0.388, 0.263, 0.138, 1.731, 0.693, 0.427, 0.302, 0.177, 0.536, 0.661, 0.966, 0.591, 0.559, 0.153, 0.161, 0.145, 1.021, 0.239, 0.364, 0.614, 0.512, 0.262, 0.137, 0.637, 2.137, 0.817, 0.692, 0.176, 0.426, 0.66, 0.785, 0.254, 0.238, 2.288, 0.677, 0.613, 0.278, 0.403, 0.839, 1.4, 0.129, 1.318, 2.329, 0.808, 0.738, 0.488, 0.886, 0.089, 0.23, 0.206, 0.222, 0.816, 0.3, 0.175, 0.534, 1.159, 1.034, 0.682, 1.144, 1.394, 0.362, 0.283, 0.198, 0.307, 0.323, 0.299, 0.464, 0.19, 0.315, 0.331, 0.432, 0.26, 0.385, 0.135, 0.51, 0.565, 0.174, 0.658, 0.588, 0.447, 0.166, 0.158, 0.142, 0.15, 0.361, 0.236, 0.759, 0.259, 0.134, 0.509, 0.564, 0.423, 0.267, 0.767, 0.703, 0.578, 0.368, 0.743, 0.557, 0.932, 0.243, 0.344, 0.532, 1.282, 0.196, 0.93, 0.805, 0.68, 0.102, 0.235, 0.485, 0.735, 0.61, 0.227, 0.258, 0.383, 0.219, 0.133, 1.258, 0.813, 0.297, 0.078, 0.586, 0.711, 0.554, 0.804, 0.187, 0.304, 0.179, 0.203, 0.296, 0.336, 0.421, 0.328, 0.453, 0.734, 0.257, 0.382, 0.757, 0.507, 1.6, 0.905, 0.655, 0.28, 0.147, 0.163, 0.155, 0.171, 0.194, 0.678, 0.803, 1.39, 0.733, 0.483, 0.358, 0.342, 0.467, 1.076, 0.256, 0.881, 0.381, 0.631, 0.248, 0.546, 0.583, 0.647, 0.272, 0.833, 0.687, 0.123, 0.349, 1.224, 0.529, 0.904, 0.295, 0.107, 0.115, 0.607, 0.482, 0.732, 0.232, 1.162, 0.63, 0.88, 0.419, 0.528, 0.317, 0.551, 0.192, 0.325, 0.293, 0.434, 0.2, 0.285, 1.138, 0.466, 0.341, 0.856, 0.465, 1.699, 0.629, 0.652, 0.402, 0.527, 0.16, 0.144, 0.582, 0.832, 0.441, 0.925, 0.855, 0.605, 0.355, 0.73, 0.503, 0.128, 0.378, 0.878, 0.253, 0.261, 0.761, 0.572, 0.136, 0.487, 0.237, 0.801, 0.926, 0.612, 0.277, 1.096, 0.417, 0.401, 0.956, 0.831, 0.674, 0.549, 1.136, 0.479, 0.338, 0.205, 0.088, 0.096, 0.229, 0.221, 1.072, 0.127, 0.252, 0.502, 1.127, 0.416, 1.182, 1.057, 0.525, 0.4, 0.58, 0.955, 0.705, 0.314, 0.439, 0.431, 0.306, 0.407, 0.282, 0.197, 0.173, 0.189, 0.673, 0.29, 0.463, 1.353, 0.251, 0.626, 0.376, 0.126, 0.501, 0.415, 0.165, 0.399, 0.157, 0.141, 0.649, 0.149, 0.704, 0.672, 0.547, 0.766, 0.727, 0.352}
    Standard deviation: 0.3313285950127749
----Information about attribute a8
    Type: n
    Minimal value: 21.0
    Maximal value: 81.0
    Number of uniq values: 52
    List of uniq values: {21.0, 22.0, 23.0, 24.0, 25.0, 26.0, 27.0, 28.0, 29.0, 30.0, 31.0, 32.0, 33.0, 34.0, 35.0, 36.0, 37.0, 38.0, 39.0, 40.0, 41.0, 42.0, 43.0, 44.0, 45.0, 46.0, 47.0, 48.0, 49.0, 50.0, 51.0, 52.0, 53.0, 54.0, 55.0, 56.0, 57.0, 58.0, 59.0, 60.0, 61.0, 62.0, 63.0, 64.0, 65.0, 66.0, 67.0, 68.0, 69.0, 70.0, 72.0, 81.0}
    Standard deviation: 11.760231540678685